   0.0000000e+00   0.0000000e+00   0.0000000e+00
   6.6666667e-01   0.0000000e+00   0.0000000e+00
   1.3333333e+00   0.0000000e+00   0.0000000e+00
   2.0000000e+00   0.0000000e+00   0.0000000e+00
   0.0000000e+00   0.2500000e+00   4.4444449e-01
   6.6666667e-01   0.2500000e+00   4.4444449e-01
   1.3333333e+00   0.2500000e+00   4.4444449e-01
   2.0000000e+00   0.2500000e+00   4.4444449e-01
   0.0000000e+00   0.5000000e+00   8.8888889e-01
   6.6666667e-01   0.5000000e+00   8.8888889e-01
   1.3333333e+00   0.5000000e+00   8.8888889e-01
   2.0000000e+00   0.5000000e+00   8.8888889e-01
   0.0000000e+00   0.7500000e+00   0.0000000e+00
   6.6666667e-01   0.7500000e+00   0.0000000e+00
   1.3333333e+00   0.7500000e+00   0.0000000e+00
   2.0000000e+00   0.7500000e+00   0.0000000e+00
   0.0000000e+00   1.0000000e+00   0.0000000e+00
   6.6666667e-01   1.0000000e+00   0.0000000e+00
   1.3333333e+00   1.0000000e+00   0.0000000e+00
   2.0000000e+00   1.0000000e+00   0.0000000e+00
   0.0000000e+00   1.2500000e+00   0.0000000e+00
   6.6666667e-01   1.2500000e+00   0.0000000e+00
   1.3333333e+00   1.2500000e+00   0.0000000e+00
   2.0000000e+00   1.2500000e+00   0.0000000e+00
   0.0000000e+00   1.5000000e+00   4.4444449e-01
   6.6666667e-01   1.5000000e+00   4.4444449e-01
   1.3333333e+00   1.5000000e+00   4.4444449e-01
   2.0000000e+00   1.5000000e+00   4.4444449e-01
   0.0000000e+00   1.7500000e+00   8.8888889e-01
   6.6666667e-01   1.7500000e+00   8.8888889e-01
   1.3333333e+00   1.7500000e+00   8.8888889e-01
   2.0000000e+00   1.7500000e+00   8.8888889e-01
   