441   2.9000000e-01
  -1.0000000e+00  -1.0000000e+00  -2.5000000e-02
  -1.0000000e+00  -9.0000000e-01   7.0049270e-02
  -1.0000000e+00  -8.0000000e-01   1.5708155e-01
  -1.0000000e+00  -7.0000000e-01   2.3883213e-01
  -1.0000000e+00  -6.0000000e-01   3.1323011e-01
  -1.0000000e+00  -5.0000000e-01   3.5456653e-01
  -1.0000000e+00  -4.0000000e-01   3.9961488e-01
  -1.0000000e+00  -3.0000000e-01   4.5436086e-01
  -1.0000000e+00  -2.0000000e-01   4.8133751e-01
  -1.0000000e+00  -1.0000000e-01   4.9272167e-01
  -1.0000000e+00   0.0000000e+00   4.8665892e-01
  -1.0000000e+00   1.0000000e-01   5.1156459e-01
  -1.0000000e+00   2.0000000e-01   5.0158657e-01
  -1.0000000e+00   3.0000000e-01   4.5840298e-01
  -1.0000000e+00   4.0000000e-01   4.2280472e-01
  -1.0000000e+00   5.0000000e-01   3.5254160e-01
  -1.0000000e+00   6.0000000e-01   3.3335256e-01
  -1.0000000e+00   7.0000000e-01   2.3094574e-01
  -1.0000000e+00   8.0000000e-01   1.6761799e-01
  -1.0000000e+00   9.0000000e-01   8.4909859e-02
  -1.0000000e+00   1.0000000e+00   1.8799043e-02
  -9.0000000e-01  -1.0000000e+00  -9.3422157e-02
  -9.0000000e-01  -9.0000000e-01   2.1013047e-02
  -9.0000000e-01  -8.0000000e-01   8.5771558e-02
  -9.0000000e-01  -7.0000000e-01   1.7552147e-01
  -9.0000000e-01  -6.0000000e-01   2.0942101e-01
  -9.0000000e-01  -5.0000000e-01   2.9931572e-01
  -9.0000000e-01  -4.0000000e-01   3.2853070e-01
  -9.0000000e-01  -3.0000000e-01   3.3883873e-01
  -9.0000000e-01  -2.0000000e-01   4.0076369e-01
  -9.0000000e-01  -1.0000000e-01   4.2424455e-01
  -9.0000000e-01   0.0000000e+00   3.8591759e-01
  -9.0000000e-01   1.0000000e-01   4.1969530e-01
  -9.0000000e-01   2.0000000e-01   3.9922418e-01
  -9.0000000e-01   3.0000000e-01   3.4004581e-01
  -9.0000000e-01   4.0000000e-01   3.1266553e-01
  -9.0000000e-01   5.0000000e-01   2.5599208e-01
  -9.0000000e-01   6.0000000e-01   2.1891887e-01
  -9.0000000e-01   7.0000000e-01   1.6894387e-01
  -9.0000000e-01   8.0000000e-01   9.4046152e-02
  -9.0000000e-01   9.0000000e-01   1.2635333e-02
  -9.0000000e-01   1.0000000e+00  -1.1968853e-01
  -8.0000000e-01  -1.0000000e+00  -1.7377966e-01
  -8.0000000e-01  -9.0000000e-01  -1.0367688e-01
  -8.0000000e-01  -8.0000000e-01   5.8774900e-03
  -8.0000000e-01  -7.0000000e-01   8.8546413e-02
  -8.0000000e-01  -6.0000000e-01   1.2432679e-01
  -8.0000000e-01  -5.0000000e-01   1.9483608e-01
  -8.0000000e-01  -4.0000000e-01   2.4047502e-01
  -8.0000000e-01  -3.0000000e-01   2.6579695e-01
  -8.0000000e-01  -2.0000000e-01   3.1008513e-01
  -8.0000000e-01  -1.0000000e-01   3.0836233e-01
  -8.0000000e-01   0.0000000e+00   3.3881562e-01
  -8.0000000e-01   1.0000000e-01   3.0854973e-01
  -8.0000000e-01   2.0000000e-01   3.0126262e-01
  -8.0000000e-01   3.0000000e-01   2.7139173e-01
  -8.0000000e-01   4.0000000e-01   2.4213716e-01
  -8.0000000e-01   5.0000000e-01   2.0339893e-01
  -8.0000000e-01   6.0000000e-01   1.2355709e-01
  -8.0000000e-01   7.0000000e-01   9.1538957e-02
  -8.0000000e-01   8.0000000e-01   1.8095270e-02
  -8.0000000e-01   9.0000000e-01  -7.1538943e-02
  -8.0000000e-01   1.0000000e+00  -2.0237103e-01
  -7.0000000e-01  -1.0000000e+00  -2.3166352e-01
  -7.0000000e-01  -9.0000000e-01  -1.6828580e-01
  -7.0000000e-01  -8.0000000e-01  -9.5895173e-02
  -7.0000000e-01  -7.0000000e-01  -1.1484269e-02
  -7.0000000e-01  -6.0000000e-01   4.3713119e-02
  -7.0000000e-01  -5.0000000e-01   1.2881129e-01
  -7.0000000e-01  -4.0000000e-01   1.8050793e-01
  -7.0000000e-01  -3.0000000e-01   1.9821056e-01
  -7.0000000e-01  -2.0000000e-01   2.2845925e-01
  -7.0000000e-01  -1.0000000e-01   2.4061015e-01
  -7.0000000e-01   0.0000000e+00   2.4932552e-01
  -7.0000000e-01   1.0000000e-01   2.5193793e-01
  -7.0000000e-01   2.0000000e-01   2.4358444e-01
  -7.0000000e-01   3.0000000e-01   2.0389837e-01
  -7.0000000e-01   4.0000000e-01   1.8823518e-01
  -7.0000000e-01   5.0000000e-01   1.1167646e-01
  -7.0000000e-01   6.0000000e-01   5.9641398e-02
  -7.0000000e-01   7.0000000e-01  -1.6153613e-02
  -7.0000000e-01   8.0000000e-01  -9.4406549e-02
  -7.0000000e-01   9.0000000e-01  -1.4236596e-01
  -7.0000000e-01   1.0000000e+00  -2.3944141e-01
  -6.0000000e-01  -1.0000000e+00  -2.9725564e-01
  -6.0000000e-01  -9.0000000e-01  -2.0478584e-01
  -6.0000000e-01  -8.0000000e-01  -1.5805424e-01
  -6.0000000e-01  -7.0000000e-01  -5.5690633e-02
  -6.0000000e-01  -6.0000000e-01  -1.8650628e-02
  -6.0000000e-01  -5.0000000e-01   3.0204510e-02
  -6.0000000e-01  -4.0000000e-01   7.5025139e-02
  -6.0000000e-01  -3.0000000e-01   1.1964760e-01
  -6.0000000e-01  -2.0000000e-01   1.6433901e-01
  -6.0000000e-01  -1.0000000e-01   1.6874796e-01
  -6.0000000e-01   0.0000000e+00   1.5633930e-01
  -6.0000000e-01   1.0000000e-01   1.7323826e-01
  -6.0000000e-01   2.0000000e-01   1.7426715e-01
  -6.0000000e-01   3.0000000e-01   1.3211174e-01
  -6.0000000e-01   4.0000000e-01   8.9395194e-02
  -6.0000000e-01   5.0000000e-01   7.2667648e-02
  -6.0000000e-01   6.0000000e-01   1.2985985e-03
  -6.0000000e-01   7.0000000e-01  -5.3579164e-02
  -6.0000000e-01   8.0000000e-01  -1.5168429e-01
  -6.0000000e-01   9.0000000e-01  -2.1082580e-01
  -6.0000000e-01   1.0000000e+00  -3.2159779e-01
  -5.0000000e-01  -1.0000000e+00  -3.9015013e-01
  -5.0000000e-01  -9.0000000e-01  -2.8264115e-01
  -5.0000000e-01  -8.0000000e-01  -1.8357801e-01
  -5.0000000e-01  -7.0000000e-01  -9.6695350e-02
  -5.0000000e-01  -6.0000000e-01  -4.2157961e-02
  -5.0000000e-01  -5.0000000e-01  -1.6971558e-03
  -5.0000000e-01  -4.0000000e-01   6.3448322e-02
  -5.0000000e-01  -3.0000000e-01   6.1701963e-02
  -5.0000000e-01  -2.0000000e-01   1.2230263e-01
  -5.0000000e-01  -1.0000000e-01   9.5904383e-02
  -5.0000000e-01   0.0000000e+00   1.4704274e-01
  -5.0000000e-01   1.0000000e-01   1.2850411e-01
  -5.0000000e-01   2.0000000e-01   1.1999858e-01
  -5.0000000e-01   3.0000000e-01   6.2160839e-02
  -5.0000000e-01   4.0000000e-01   5.0523016e-02
  -5.0000000e-01   5.0000000e-01   2.0414128e-02
  -5.0000000e-01   6.0000000e-01  -4.1279264e-02
  -5.0000000e-01   7.0000000e-01  -1.2669677e-01
  -5.0000000e-01   8.0000000e-01  -1.7278560e-01
  -5.0000000e-01   9.0000000e-01  -2.6075892e-01
  -5.0000000e-01   1.0000000e+00  -3.7774145e-01
  -4.0000000e-01  -1.0000000e+00  -4.3684858e-01
  -4.0000000e-01  -9.0000000e-01  -3.2875914e-01
  -4.0000000e-01  -8.0000000e-01  -2.4100731e-01
  -4.0000000e-01  -7.0000000e-01  -1.8844358e-01
  -4.0000000e-01  -6.0000000e-01  -9.4578489e-02
  -4.0000000e-01  -5.0000000e-01  -3.0386942e-02
  -4.0000000e-01  -4.0000000e-01  -1.5875161e-02
  -4.0000000e-01  -3.0000000e-01   3.6256065e-02
  -4.0000000e-01  -2.0000000e-01   7.9937943e-02
  -4.0000000e-01  -1.0000000e-01   6.5439495e-02
  -4.0000000e-01   0.0000000e+00   1.0213130e-01
  -4.0000000e-01   1.0000000e-01   6.9401232e-02
  -4.0000000e-01   2.0000000e-01   8.1525613e-02
  -4.0000000e-01   3.0000000e-01   5.5569209e-02
  -4.0000000e-01   4.0000000e-01  -8.1140825e-03
  -4.0000000e-01   5.0000000e-01  -4.3359384e-02
  -4.0000000e-01   6.0000000e-01  -8.9896136e-02
  -4.0000000e-01   7.0000000e-01  -1.4144947e-01
  -4.0000000e-01   8.0000000e-01  -2.2659574e-01
  -4.0000000e-01   9.0000000e-01  -3.1240294e-01
  -4.0000000e-01   1.0000000e+00  -4.4045680e-01
  -3.0000000e-01  -1.0000000e+00  -4.3730166e-01
  -3.0000000e-01  -9.0000000e-01  -3.7626778e-01
  -3.0000000e-01  -8.0000000e-01  -2.9901148e-01
  -3.0000000e-01  -7.0000000e-01  -2.0404732e-01
  -3.0000000e-01  -6.0000000e-01  -1.4518151e-01
  -3.0000000e-01  -5.0000000e-01  -8.6088377e-02
  -3.0000000e-01  -4.0000000e-01  -3.9064178e-02
  -3.0000000e-01  -3.0000000e-01  -1.8077592e-02
  -3.0000000e-01  -2.0000000e-01   1.9042334e-02
  -3.0000000e-01  -1.0000000e-01   2.9989002e-02
  -3.0000000e-01   0.0000000e+00   2.1050606e-02
  -3.0000000e-01   1.0000000e-01   2.6940131e-02
  -3.0000000e-01   2.0000000e-01   1.8554686e-03
  -3.0000000e-01   3.0000000e-01  -1.3947048e-02
  -3.0000000e-01   4.0000000e-01  -3.3728273e-02
  -3.0000000e-01   5.0000000e-01  -8.0273739e-02
  -3.0000000e-01   6.0000000e-01  -1.1587390e-01
  -3.0000000e-01   7.0000000e-01  -1.8630849e-01
  -3.0000000e-01   8.0000000e-01  -2.9704988e-01
  -3.0000000e-01   9.0000000e-01  -3.7900993e-01
  -3.0000000e-01   1.0000000e+00  -4.5260994e-01
  -2.0000000e-01  -1.0000000e+00  -4.8790422e-01
  -2.0000000e-01  -9.0000000e-01  -3.8715941e-01
  -2.0000000e-01  -8.0000000e-01  -2.9559391e-01
  -2.0000000e-01  -7.0000000e-01  -2.2074250e-01
  -2.0000000e-01  -6.0000000e-01  -1.8150365e-01
  -2.0000000e-01  -5.0000000e-01  -8.9053427e-02
  -2.0000000e-01  -4.0000000e-01  -6.4841964e-02
  -2.0000000e-01  -3.0000000e-01  -2.0725848e-02
  -2.0000000e-01  -2.0000000e-01  -1.5441953e-02
  -2.0000000e-01  -1.0000000e-01   3.4613862e-02
  -2.0000000e-01   0.0000000e+00   3.8165905e-03
  -2.0000000e-01   1.0000000e-01   3.8517908e-04
  -2.0000000e-01   2.0000000e-01  -1.9212606e-02
  -2.0000000e-01   3.0000000e-01  -4.2054272e-02
  -2.0000000e-01   4.0000000e-01  -3.5367796e-02
  -2.0000000e-01   5.0000000e-01  -9.5921461e-02
  -2.0000000e-01   6.0000000e-01  -1.4441020e-01
  -2.0000000e-01   7.0000000e-01  -2.1788924e-01
  -2.0000000e-01   8.0000000e-01  -3.0853288e-01
  -2.0000000e-01   9.0000000e-01  -3.7312234e-01
  -2.0000000e-01   1.0000000e+00  -4.6382586e-01
  -1.0000000e-01  -1.0000000e+00  -4.8393695e-01
  -1.0000000e-01  -9.0000000e-01  -3.9210088e-01
  -1.0000000e-01  -8.0000000e-01  -3.2206128e-01
  -1.0000000e-01  -7.0000000e-01  -2.3448176e-01
  -1.0000000e-01  -6.0000000e-01  -1.7924982e-01
  -1.0000000e-01  -5.0000000e-01  -1.0425229e-01
  -1.0000000e-01  -4.0000000e-01  -6.1301730e-02
  -1.0000000e-01  -3.0000000e-01  -5.1284462e-02
  -1.0000000e-01  -2.0000000e-01  -3.7762898e-02
  -1.0000000e-01  -1.0000000e-01   5.0520617e-03
  -1.0000000e-01   0.0000000e+00   5.7045557e-03
  -1.0000000e-01   1.0000000e-01   6.5107298e-03
  -1.0000000e-01   2.0000000e-01  -3.0955340e-02
  -1.0000000e-01   3.0000000e-01  -5.1074957e-02
  -1.0000000e-01   4.0000000e-01  -7.7375539e-02
  -1.0000000e-01   5.0000000e-01  -1.1285071e-01
  -1.0000000e-01   6.0000000e-01  -1.6285840e-01
  -1.0000000e-01   7.0000000e-01  -2.4431723e-01
  -1.0000000e-01   8.0000000e-01  -3.0909739e-01
  -1.0000000e-01   9.0000000e-01  -3.9408553e-01
  -1.0000000e-01   1.0000000e+00  -4.7727818e-01
   0.0000000e+00  -1.0000000e+00  -5.1592715e-01
   0.0000000e+00  -9.0000000e-01  -4.1460360e-01
   0.0000000e+00  -8.0000000e-01  -3.4383359e-01
   0.0000000e+00  -7.0000000e-01  -2.6954090e-01
   0.0000000e+00  -6.0000000e-01  -1.5742734e-01
   0.0000000e+00  -5.0000000e-01  -1.0046226e-01
   0.0000000e+00  -4.0000000e-01  -9.4753001e-02
   0.0000000e+00  -3.0000000e-01  -3.9795342e-02
   0.0000000e+00  -2.0000000e-01   1.7826190e-03
   0.0000000e+00  -1.0000000e-01  -2.0216333e-03
   0.0000000e+00   0.0000000e+00   2.3433089e-03
   0.0000000e+00   1.0000000e-01  -8.0436020e-03
   0.0000000e+00   2.0000000e-01  -2.2512403e-02
   0.0000000e+00   3.0000000e-01  -5.4659734e-02
   0.0000000e+00   4.0000000e-01  -9.4959306e-02
   0.0000000e+00   5.0000000e-01  -1.3921002e-01
   0.0000000e+00   6.0000000e-01  -2.0250522e-01
   0.0000000e+00   7.0000000e-01  -2.5952194e-01
   0.0000000e+00   8.0000000e-01  -3.1627183e-01
   0.0000000e+00   9.0000000e-01  -3.8425899e-01
   0.0000000e+00   1.0000000e+00  -5.0421950e-01
   1.0000000e-01  -1.0000000e+00  -4.8729206e-01
   1.0000000e-01  -9.0000000e-01  -4.0721497e-01
   1.0000000e-01  -8.0000000e-01  -3.1066488e-01
   1.0000000e-01  -7.0000000e-01  -2.4540272e-01
   1.0000000e-01  -6.0000000e-01  -1.9830749e-01
   1.0000000e-01  -5.0000000e-01  -1.3072418e-01
   1.0000000e-01  -4.0000000e-01  -9.5419799e-02
   1.0000000e-01  -3.0000000e-01  -4.2780773e-02
   1.0000000e-01  -2.0000000e-01   6.2968313e-03
   1.0000000e-01  -1.0000000e-01   2.1064208e-02
   1.0000000e-01   0.0000000e+00   1.0296375e-02
   1.0000000e-01   1.0000000e-01   1.8057297e-02
   1.0000000e-01   2.0000000e-01  -3.9264141e-02
   1.0000000e-01   3.0000000e-01  -3.0664960e-02
   1.0000000e-01   4.0000000e-01  -5.7771575e-02
   1.0000000e-01   5.0000000e-01  -1.3851764e-01
   1.0000000e-01   6.0000000e-01  -1.9701720e-01
   1.0000000e-01   7.0000000e-01  -2.6434640e-01
   1.0000000e-01   8.0000000e-01  -3.2044206e-01
   1.0000000e-01   9.0000000e-01  -3.8171620e-01
   1.0000000e-01   1.0000000e+00  -5.1924713e-01
   2.0000000e-01  -1.0000000e+00  -4.5878557e-01
   2.0000000e-01  -9.0000000e-01  -3.6566406e-01
   2.0000000e-01  -8.0000000e-01  -2.9189657e-01
   2.0000000e-01  -7.0000000e-01  -2.1725445e-01
   2.0000000e-01  -6.0000000e-01  -1.8118301e-01
   2.0000000e-01  -5.0000000e-01  -1.2535114e-01
   2.0000000e-01  -4.0000000e-01  -8.4837394e-02
   2.0000000e-01  -3.0000000e-01  -2.3666495e-02
   2.0000000e-01  -2.0000000e-01   1.4487813e-02
   2.0000000e-01  -1.0000000e-01   2.2700937e-02
   2.0000000e-01   0.0000000e+00   2.2294627e-02
   2.0000000e-01   1.0000000e-01   2.9919434e-02
   2.0000000e-01   2.0000000e-01   1.1337641e-02
   2.0000000e-01   3.0000000e-01  -3.7334264e-02
   2.0000000e-01   4.0000000e-01  -7.2237696e-02
   2.0000000e-01   5.0000000e-01  -1.2308228e-01
   2.0000000e-01   6.0000000e-01  -1.6085254e-01
   2.0000000e-01   7.0000000e-01  -2.2662067e-01
   2.0000000e-01   8.0000000e-01  -3.1995620e-01
   2.0000000e-01   9.0000000e-01  -3.8478929e-01
   2.0000000e-01   1.0000000e+00  -4.6208025e-01
   3.0000000e-01  -1.0000000e+00  -4.7949761e-01
   3.0000000e-01  -9.0000000e-01  -3.4392148e-01
   3.0000000e-01  -8.0000000e-01  -2.5178412e-01
   3.0000000e-01  -7.0000000e-01  -2.2402703e-01
   3.0000000e-01  -6.0000000e-01  -1.1351903e-01
   3.0000000e-01  -5.0000000e-01  -1.0184598e-01
   3.0000000e-01  -4.0000000e-01  -5.8101889e-02
   3.0000000e-01  -3.0000000e-01  -1.5487155e-02
   3.0000000e-01  -2.0000000e-01   1.3833279e-02
   3.0000000e-01  -1.0000000e-01   3.7365704e-02
   3.0000000e-01   0.0000000e+00   5.2469091e-02
   3.0000000e-01   1.0000000e-01   2.2556174e-02
   3.0000000e-01   2.0000000e-01   2.4357767e-02
   3.0000000e-01   3.0000000e-01   7.4828855e-03
   3.0000000e-01   4.0000000e-01  -3.3286010e-02
   3.0000000e-01   5.0000000e-01  -8.7159880e-02
   3.0000000e-01   6.0000000e-01  -1.4029418e-01
   3.0000000e-01   7.0000000e-01  -1.8890038e-01
   3.0000000e-01   8.0000000e-01  -2.6376491e-01
   3.0000000e-01   9.0000000e-01  -3.6969295e-01
   3.0000000e-01   1.0000000e+00  -4.7467097e-01
   4.0000000e-01  -1.0000000e+00  -3.9946102e-01
   4.0000000e-01  -9.0000000e-01  -3.1295431e-01
   4.0000000e-01  -8.0000000e-01  -2.5304712e-01
   4.0000000e-01  -7.0000000e-01  -1.5743281e-01
   4.0000000e-01  -6.0000000e-01  -1.0657943e-01
   4.0000000e-01  -5.0000000e-01  -6.8690927e-02
   4.0000000e-01  -4.0000000e-01   1.7462894e-02
   4.0000000e-01  -3.0000000e-01   1.2090803e-02
   4.0000000e-01  -2.0000000e-01   3.7806053e-02
   4.0000000e-01  -1.0000000e-01   7.1301931e-02
   4.0000000e-01   0.0000000e+00   7.8986663e-02
   4.0000000e-01   1.0000000e-01   7.5084724e-02
   4.0000000e-01   2.0000000e-01   8.4026333e-02
   4.0000000e-01   3.0000000e-01   4.0375263e-02
   4.0000000e-01   4.0000000e-01   2.0632799e-02
   4.0000000e-01   5.0000000e-01  -3.2479175e-02
   4.0000000e-01   6.0000000e-01  -8.9309356e-02
   4.0000000e-01   7.0000000e-01  -1.4144338e-01
   4.0000000e-01   8.0000000e-01  -2.6353941e-01
   4.0000000e-01   9.0000000e-01  -3.3678556e-01
   4.0000000e-01   1.0000000e+00  -4.4408447e-01
   5.0000000e-01  -1.0000000e+00  -3.9596619e-01
   5.0000000e-01  -9.0000000e-01  -2.9726821e-01
   5.0000000e-01  -8.0000000e-01  -2.1428241e-01
   5.0000000e-01  -7.0000000e-01  -1.0717312e-01
   5.0000000e-01  -6.0000000e-01  -3.3087561e-02
   5.0000000e-01  -5.0000000e-01  -1.8559811e-02
   5.0000000e-01  -4.0000000e-01   4.9630584e-02
   5.0000000e-01  -3.0000000e-01   6.1126208e-02
   5.0000000e-01  -2.0000000e-01   1.0995890e-01
   5.0000000e-01  -1.0000000e-01   9.8293642e-02
   5.0000000e-01   0.0000000e+00   1.1280128e-01
   5.0000000e-01   1.0000000e-01   1.1562253e-01
   5.0000000e-01   2.0000000e-01   1.2741936e-01
   5.0000000e-01   3.0000000e-01   7.2674768e-02
   5.0000000e-01   4.0000000e-01   2.0849819e-02
   5.0000000e-01   5.0000000e-01   2.3671273e-02
   5.0000000e-01   6.0000000e-01  -4.1882073e-02
   5.0000000e-01   7.0000000e-01  -1.0190126e-01
   5.0000000e-01   8.0000000e-01  -1.9974348e-01
   5.0000000e-01   9.0000000e-01  -2.6160665e-01
   5.0000000e-01   1.0000000e+00  -3.9816193e-01
   6.0000000e-01  -1.0000000e+00  -3.3457604e-01
   6.0000000e-01  -9.0000000e-01  -2.2883333e-01
   6.0000000e-01  -8.0000000e-01  -1.1575884e-01
   6.0000000e-01  -7.0000000e-01  -6.1782367e-02
   6.0000000e-01  -6.0000000e-01   3.8130952e-03
   6.0000000e-01  -5.0000000e-01   5.3411141e-02
   6.0000000e-01  -4.0000000e-01   9.8207992e-02
   6.0000000e-01  -3.0000000e-01   1.4805603e-01
   6.0000000e-01  -2.0000000e-01   1.5010422e-01
   6.0000000e-01  -1.0000000e-01   1.7086283e-01
   6.0000000e-01   0.0000000e+00   1.5992620e-01
   6.0000000e-01   1.0000000e-01   1.5684231e-01
   6.0000000e-01   2.0000000e-01   1.6990688e-01
   6.0000000e-01   3.0000000e-01   1.1902240e-01
   6.0000000e-01   4.0000000e-01   1.1965385e-01
   6.0000000e-01   5.0000000e-01   6.6543940e-02
   6.0000000e-01   6.0000000e-01  -9.8856462e-03
   6.0000000e-01   7.0000000e-01  -8.2939082e-02
   6.0000000e-01   8.0000000e-01  -1.2379502e-01
   6.0000000e-01   9.0000000e-01  -2.2788986e-01
   6.0000000e-01   1.0000000e+00  -3.1549438e-01
   7.0000000e-01  -1.0000000e+00  -2.3111890e-01
   7.0000000e-01  -9.0000000e-01  -1.5986555e-01
   7.0000000e-01  -8.0000000e-01  -5.5117031e-02
   7.0000000e-01  -7.0000000e-01   1.1240417e-02
   7.0000000e-01  -6.0000000e-01   5.3064110e-02
   7.0000000e-01  -5.0000000e-01   1.1775175e-01
   7.0000000e-01  -4.0000000e-01   1.5309788e-01
   7.0000000e-01  -3.0000000e-01   2.2302443e-01
   7.0000000e-01  -2.0000000e-01   2.0084653e-01
   7.0000000e-01  -1.0000000e-01   2.6202194e-01
   7.0000000e-01   0.0000000e+00   2.6509804e-01
   7.0000000e-01   1.0000000e-01   2.1989354e-01
   7.0000000e-01   2.0000000e-01   2.2605612e-01
   7.0000000e-01   3.0000000e-01   1.7923508e-01
   7.0000000e-01   4.0000000e-01   1.7977010e-01
   7.0000000e-01   5.0000000e-01   1.3844552e-01
   7.0000000e-01   6.0000000e-01   4.4789087e-02
   7.0000000e-01   7.0000000e-01   1.9013581e-02
   7.0000000e-01   8.0000000e-01  -9.9699692e-02
   7.0000000e-01   9.0000000e-01  -1.7489942e-01
   7.0000000e-01   1.0000000e+00  -2.5636804e-01
   8.0000000e-01  -1.0000000e+00  -1.7278845e-01
   8.0000000e-01  -9.0000000e-01  -6.3301609e-02
   8.0000000e-01  -8.0000000e-01  -2.0078692e-02
   8.0000000e-01  -7.0000000e-01   7.8544900e-02
   8.0000000e-01  -6.0000000e-01   1.4037915e-01
   8.0000000e-01  -5.0000000e-01   2.0297182e-01
   8.0000000e-01  -4.0000000e-01   2.5964575e-01
   8.0000000e-01  -3.0000000e-01   2.8678775e-01
   8.0000000e-01  -2.0000000e-01   3.0946251e-01
   8.0000000e-01  -1.0000000e-01   3.3046693e-01
   8.0000000e-01   0.0000000e+00   3.0702044e-01
   8.0000000e-01   1.0000000e-01   3.2817575e-01
   8.0000000e-01   2.0000000e-01   3.1343638e-01
   8.0000000e-01   3.0000000e-01   2.7711802e-01
   8.0000000e-01   4.0000000e-01   2.3905254e-01
   8.0000000e-01   5.0000000e-01   1.9071902e-01
   8.0000000e-01   6.0000000e-01   1.1867838e-01
   8.0000000e-01   7.0000000e-01   7.6334878e-02
   8.0000000e-01   8.0000000e-01   3.8112612e-04
   8.0000000e-01   9.0000000e-01  -7.2420100e-02
   8.0000000e-01   1.0000000e+00  -1.9844536e-01
   9.0000000e-01  -1.0000000e+00  -1.1953119e-01
   9.0000000e-01  -9.0000000e-01   1.3198674e-02
   9.0000000e-01  -8.0000000e-01   6.5059648e-02
   9.0000000e-01  -7.0000000e-01   1.8326439e-01
   9.0000000e-01  -6.0000000e-01   2.0446221e-01
   9.0000000e-01  -5.0000000e-01   2.6079601e-01
   9.0000000e-01  -4.0000000e-01   3.4481369e-01
   9.0000000e-01  -3.0000000e-01   3.7226227e-01
   9.0000000e-01  -2.0000000e-01   3.7092651e-01
   9.0000000e-01  -1.0000000e-01   4.0427301e-01
   9.0000000e-01   0.0000000e+00   3.9203965e-01
   9.0000000e-01   1.0000000e-01   4.1922302e-01
   9.0000000e-01   2.0000000e-01   3.7980466e-01
   9.0000000e-01   3.0000000e-01   3.3782514e-01
   9.0000000e-01   4.0000000e-01   3.4636080e-01
   9.0000000e-01   5.0000000e-01   2.7762101e-01
   9.0000000e-01   6.0000000e-01   2.4353909e-01
   9.0000000e-01   7.0000000e-01   1.4651154e-01
   9.0000000e-01   8.0000000e-01   8.4448089e-02
   9.0000000e-01   9.0000000e-01   3.5627169e-03
   9.0000000e-01   1.0000000e+00  -7.7355541e-02
   1.0000000e+00  -1.0000000e+00  -1.4081787e-02
   1.0000000e+00  -9.0000000e-01   1.1602555e-01
   1.0000000e+00  -8.0000000e-01   1.5693130e-01
   1.0000000e+00  -7.0000000e-01   2.5041951e-01
   1.0000000e+00  -6.0000000e-01   2.9769095e-01
   1.0000000e+00  -5.0000000e-01   3.5525812e-01
   1.0000000e+00  -4.0000000e-01   4.2148908e-01
   1.0000000e+00  -3.0000000e-01   4.5864770e-01
   1.0000000e+00  -2.0000000e-01   4.6072469e-01
   1.0000000e+00  -1.0000000e-01   4.7212838e-01
   1.0000000e+00   0.0000000e+00   5.0004512e-01
   1.0000000e+00   1.0000000e-01   5.0623747e-01
   1.0000000e+00   2.0000000e-01   4.7971154e-01
   1.0000000e+00   3.0000000e-01   4.4730428e-01
   1.0000000e+00   4.0000000e-01   3.9675373e-01
   1.0000000e+00   5.0000000e-01   3.6832525e-01
   1.0000000e+00   6.0000000e-01   3.4078003e-01
   1.0000000e+00   7.0000000e-01   2.5524645e-01
   1.0000000e+00   8.0000000e-01   1.9808842e-01
   1.0000000e+00   9.0000000e-01   1.1617691e-01
   1.0000000e+00   1.0000000e+00  -2.4232645e-02
